255 255 255 255 255 255 255 255 255 255 255 255 255 255 255 255
255 219 159 159 159 159 159 159 159 159 159 159 159 159 219 255
255 159   0   0   0   0   0   0   0   0   0   0   0   0 159 255
255 159   0   0   0   0   0   0   0   0   0   0   0   0 159 255
255 159   0   0   4  32  32  32  32  32  32   4   0   0 159 255
255 159   0   0  32 255 255 171 171 255 255  32   0   0 159 255
255 159   0   0  32 255 255  32  32 255 255  32   0   0 159 255
255 159   0   0  32 171  32   4   4  32 171  32   0   0 159 255
255 159   0   0  32 255 255 255 255 255 255  32   0   0 159 255
255 159   0   0  32 255 255 171 171 255 255  32   0   0 159 255
255 159   0   0  32 255 255 171 171 255 255  32   0   0 159 255
255 159   0   0   4  32  32  32  32  32  32   4   0   0 159 255
255 159   0   0   0   0   0   0   0   0   0   0   0   0 159 255
255 159   0   0   0   0   0   0   0   0   0   0   0   0 159 255
255 219 159 159 159 159 159 159 159 159 159 159 159 159 219 255
255 255 255 255 255 255 255 255 255 255 255 255 255 255 255 255
255 255 255 255 255 255 255 255 255 255 255 255 255 255 255 255
255 219 159 159 159 159 159 159 159 159 159 159 159 159 219 255
255 159   0   0   0   0   0   0   0   0   0   0   0   0 159 255
255 159   0   0   0   0   0   0   0   0   0   0   0   0 159 255
255 159   0   0   4  32  32  32  32  32  32   4   0   0 159 255
255 159   0   0  32 255 255 171 171 255 255  32   0   0 159 255
255 159   0   0  32 255 255  32  32 255 255  32   0   0 159 255
255 159   0   0  32 171  32   4   4  32 171  32   0   0 159 255
255 159   0   0  32 255 255 255 255 255 255  32   0   0 159 255
255 159   0   0  32 255 255 171 171 255 255  32   0   0 159 255
255 159   0   0  32 255 255 171 171 255 255  32   0   0 159 255
255 159   0   0   4  32  32  32  32  32  32   4   0   0 159 255
255 159   0   0   0   0   0   0   0   0   0   0   0   0 159 255
255 159   0   0   0   0   0   0   0   0   0   0   0   0 159 255
255 219 159 159 159 159 159 159 159 159 159 159 159 159 219 255
255 255 255 255 255 255 255 255 255 255 255 255 255 255 255 255
255 255 255 255 255 255 255 255 255 255 255 255 255 255 255 255
255 219 159 159 159 159 159 159 159 159 159 159 159 159 219 255
255 159   0   0   0   0   0   0   0   0   0   0   0   0 159 255
255 159   0   0   0   0   0   0   0   0   0   0   0   0 159 255
255 159   0   0   4  32  32  32  32  32  32   4   0   0 159 255
255 159   0   0  32 255 255 171 171 255 255  32   0   0 159 255
255 159   0   0  32 255 255  32  32 255 255  32   0   0 159 255
255 159   0   0  32 171  32   4   4  32 171  32   0   0 159 255
255 159   0   0  32 255 255 255 255 255 255  32   0   0 159 255
255 159   0   0  32 255 255 171 171 255 255  32   0   0 159 255
255 159   0   0  32 255 255 171 171 255 255  32   0   0 159 255
255 159   0   0   4  32  32  32  32  32  32   4   0   0 159 255
255 159   0   0   0   0   0   0   0   0   0   0   0   0 159 255
255 159   0   0   0   0   0   0   0   0   0   0   0   0 159 255
255 219 159 159 159 159 159 159 159 159 159 159 159 159 219 255
255 255 255 255 255 255 255 255 255 255 255 255 255 255 255 255

255 254 253 253 253 253 253 253 253 253 253 253 253 253 254 255
254 213 151 151 151 151 151 151 151 151 151 151 151 151 212 254
254 152   0   0   0   0   0   0   0   0   0   0   0   0 151 253
254 152   0   0   0   0   0   0   0   0   0   0   0   0 151 253
254 152   0   0   8  49  47  40  49  49  49   9   0   0 151 253
254 152   0   0  44 255 241 147 255 255 255  49   0   0 151 253
254 152   0   0  44 254 233  77 254 253 253  49   0   0 151 253
254 152   0   0  44 193  52  18 232 191 198  48   0   0 151 253
254 152   0   0  44 189  49  19 246 198 198  49   0   0 151 253
254 152   0   0  44 254 232  69 254 254 254  49   0   0 151 253
254 152   0   0  44 255 240 140 255 255 255  49   0   0 151 253
254 152   0   0   7  44  43  35  44  44  44   8   0   0 151 253
254 152   0   0   0   0   0   0   0   0   0   0   0   0 151 253
254 152   0   0   0   0   0   0   0   0   0   0   0   0 151 253
254 213 152 152 152 152 152 152 152 152 152 152 152 152 213 254
255 254 254 254 254 254 254 254 254 254 254 254 254 254 254 255
255 254 253 253 253 253 253 253 253 253 253 253 253 253 254 255
254 213 151 151 151 151 151 151 151 151 151 151 151 151 212 254
254 152   0   0   0   0   0   0   0   0   0   0   0   0 151 253
254 152   0   0   0   0   0   0   0   0   0   0   0   0 151 253
254 152   0   0   8  49  47  40  49  49  49   9   0   0 151 253
254 152   0   0  44 255 241 147 255 255 255  49   0   0 151 253
254 152   0   0  44 254 233  77 254 253 253  49   0   0 151 253
254 152   0   0  44 193  52  18 232 191 198  48   0   0 151 253
254 152   0   0  44 189  49  19 246 198 198  49   0   0 151 253
254 152   0   0  44 254 232  69 254 254 254  49   0   0 151 253
254 152   0   0  44 255 240 140 255 255 255  49   0   0 151 253
254 152   0   0   7  44  43  35  44  44  44   8   0   0 151 253
254 152   0   0   0   0   0   0   0   0   0   0   0   0 151 253
254 152   0   0   0   0   0   0   0   0   0   0   0   0 151 253
254 213 152 152 152 152 152 152 152 152 152 152 152 152 213 254
255 254 254 254 254 254 254 254 254 254 254 254 254 254 254 255
255 254 253 253 253 253 253 253 253 253 253 253 253 253 254 255
254 213 151 151 151 151 151 151 151 151 151 151 151 151 212 254
254 152   0   0   0   0   0   0   0   0   0   0   0   0 151 253
254 152   0   0   0   0   0   0   0   0   0   0   0   0 151 253
254 152   0   0   8  49  47  40  49  49  49   9   0   0 151 253
254 152   0   0  44 255 241 147 255 255 255  49   0   0 151 253
254 152   0   0  44 254 233  77 254 253 253  49   0   0 151 253
254 152   0   0  44 193  52  18 232 191 198  48   0   0 151 253
254 152   0   0  44 189  49  19 246 198 198  49   0   0 151 253
254 152   0   0  44 254 232  69 254 254 254  49   0   0 151 253
254 152   0   0  44 255 240 140 255 255 255  49   0   0 151 253
254 152   0   0   7  44  43  35  44  44  44   8   0   0 151 253
254 152   0   0   0   0   0   0   0   0   0   0   0   0 151 253
254 152   0   0   0   0   0   0   0   0   0   0   0   0 151 253
254 213 152 152 152 152 152 152 152 152 152 152 152 152 213 254
255 254 254 254 254 254 254 254 254 254 254 254 254 254 254 255

254 254 253 253 253 253 253 253 253 253 253 253 253 253 254 254
254 212 150 150 150 150 150 150 150 150 150 150 150 150 212 254
253 150   0   0   0   0   0   0   0   0   0   0   0   0 151 253
253 150   0   0   0   0   0   0   0   0   0   0   0   0 151 253
253 150   0   0   8  48  48  48  48  48  48   8   0   0 151 253
253 150   0   0  48 255 252 197 198 253 255  44   0   0 151 253
253 150   0   0  48 255 252 191 198 253 255  44   0   0 151 253
253 150   0   0  48 255 254 232 245 254 255  44   0   0 151 253
253 150   0   0  39 147  76  18  18  69 140  35   0   0 151 253
253 150   0   0  47 241 232  52  48 231 239  42   0   0 151 253
253 150   0   0  48 255 253 193 189 254 255  44   0   0 151 253
253 150   0   0   8  44  44  44  44  44  44   7   0   0 151 253
253 150   0   0   0   0   0   0   0   0   0   0   0   0 151 253
253 150   0   0   0   0   0   0   0   0   0   0   0   0 151 253
254 212 151 151 151 151 151 151 151 151 151 151 151 151 213 254
254 254 253 253 253 253 253 253 253 253 253 253 253 253 254 254
254 254 253 253 253 253 253 253 253 253 253 253 253 253 254 254
254 212 150 150 150 150 150 150 150 150 150 150 150 150 212 254
253 150   0   0   0   0   0   0   0   0   0   0   0   0 151 253
253 150   0   0   0   0   0   0   0   0   0   0   0   0 151 253
253 150   0   0   8  48  48  48  48  48  48   8   0   0 151 253
253 150   0   0  48 255 252 197 198 253 255  44   0   0 151 253
253 150   0   0  48 255 252 191 198 253 255  44   0   0 151 253
253 150   0   0  48 255 254 232 245 254 255  44   0   0 151 253
253 150   0   0  39 147  76  18  18  69 140  35   0   0 151 253
253 150   0   0  47 241 232  52  48 231 239  42   0   0 151 253
253 150   0   0  48 255 253 193 189 254 255  44   0   0 151 253
253 150   0   0   8  44  44  44  44  44  44   7   0   0 151 253
253 150   0   0   0   0   0   0   0   0   0   0   0   0 151 253
253 150   0   0   0   0   0   0   0   0   0   0   0   0 151 253
254 212 151 151 151 151 151 151 151 151 151 151 151 151 213 254
254 254 253 253 253 253 253 253 253 253 253 253 253 253 254 254
254 254 253 253 253 253 253 253 253 253 253 253 253 253 254 254
254 212 150 150 150 150 150 150 150 150 150 150 150 150 212 254
253 150   0   0   0   0   0   0   0   0   0   0   0   0 151 253
253 150   0   0   0   0   0   0   0   0   0   0   0   0 151 253
253 150   0   0   8  48  48  48  48  48  48   8   0   0 151 253
253 150   0   0  48 255 252 197 198 253 255  44   0   0 151 253
253 150   0   0  48 255 252 191 198 253 255  44   0   0 151 253
253 150   0   0  48 255 254 232 245 254 255  44   0   0 151 253
253 150   0   0  39 147  76  18  18  69 140  35   0   0 151 253
253 150   0   0  47 241 232  52  48 231 239  42   0   0 151 253
253 150   0   0  48 255 253 193 189 254 255  44   0   0 151 253
253 150   0   0   8  44  44  44  44  44  44   7   0   0 151 253
253 150   0   0   0   0   0   0   0   0   0   0   0   0 151 253
253 150   0   0   0   0   0   0   0   0   0   0   0   0 151 253
254 212 151 151 151 151 151 151 151 151 151 151 151 151 213 254
254 254 253 253 253 253 253 253 253 253 253 253 253 253 254 254

255 254 254 254 254 254 254 254 254 254 254 254 254 254 254 255
254 213 152 152 152 152 152 152 152 152 152 152 152 152 213 254
253 151   0   0   0   0   0   0   0   0   0   0   0   0 152 254
253 151   0   0   0   0   0   0   0   0   0   0   0   0 152 254
253 151   0   0   8  44  44  44  35  43  44   7   0   0 152 254
253 151   0   0  49 255 255 255 140 240 255  44   0   0 152 254
253 151   0   0  49 254 254 254  69 232 254  44   0   0 152 254
253 151   0   0  49 198 198 246  19  49 189  44   0   0 152 254
253 151   0   0  48 198 191 232  18  52 193  44   0   0 152 254
253 151   0   0  49 253 253 254  77 233 254  44   0   0 152 254
253 151   0   0  49 255 255 255 147 241 255  44   0   0 152 254
253 151   0   0   9  49  49  49  40  47  49   8   0   0 152 254
253 151   0   0   0   0   0   0   0   0   0   0   0   0 152 254
253 151   0   0   0   0   0   0   0   0   0   0   0   0 152 254
254 212 151 151 151 151 151 151 151 151 151 151 151 151 213 254
255 254 253 253 253 253 253 253 253 253 253 253 253 253 254 255
255 254 254 254 254 254 254 254 254 254 254 254 254 254 254 255
254 213 152 152 152 152 152 152 152 152 152 152 152 152 213 254
253 151   0   0   0   0   0   0   0   0   0   0   0   0 152 254
253 151   0   0   0   0   0   0   0   0   0   0   0   0 152 254
253 151   0   0   8  44  44  44  35  43  44   7   0   0 152 254
253 151   0   0  49 255 255 255 140 240 255  44   0   0 152 254
253 151   0   0  49 254 254 254  69 232 254  44   0   0 152 254
253 151   0   0  49 198 198 246  19  49 189  44   0   0 152 254
253 151   0   0  48 198 191 232  18  52 193  44   0   0 152 254
253 151   0   0  49 253 253 254  77 233 254  44   0   0 152 254
253 151   0   0  49 255 255 255 147 241 255  44   0   0 152 254
253 151   0   0   9  49  49  49  40  47  49   8   0   0 152 254
253 151   0   0   0   0   0   0   0   0   0   0   0   0 152 254
253 151   0   0   0   0   0   0   0   0   0   0   0   0 152 254
254 212 151 151 151 151 151 151 151 151 151 151 151 151 213 254
255 254 253 253 253 253 253 253 253 253 253 253 253 253 254 255
255 254 254 254 254 254 254 254 254 254 254 254 254 254 254 255
254 213 152 152 152 152 152 152 152 152 152 152 152 152 213 254
253 151   0   0   0   0   0   0   0   0   0   0   0   0 152 254
253 151   0   0   0   0   0   0   0   0   0   0   0   0 152 254
253 151   0   0   8  44  44  44  35  43  44   7   0   0 152 254
253 151   0   0  49 255 255 255 140 240 255  44   0   0 152 254
253 151   0   0  49 254 254 254  69 232 254  44   0   0 152 254
253 151   0   0  49 198 198 246  19  49 189  44   0   0 152 254
253 151   0   0  48 198 191 232  18  52 193  44   0   0 152 254
253 151   0   0  49 253 253 254  77 233 254  44   0   0 152 254
253 151   0   0  49 255 255 255 147 241 255  44   0   0 152 254
253 151   0   0   9  49  49  49  40  47  49   8   0   0 152 254
253 151   0   0   0   0   0   0   0   0   0   0   0   0 152 254
253 151   0   0   0   0   0   0   0   0   0   0   0   0 152 254
254 212 151 151 151 151 151 151 151 151 151 151 151 151 213 254
255 254 253 253 253 253 253 253 253 253 253 253 253 253 254 255
